20 40
3.0 3 1 -2 3
2.5 2 -1 4
1.8 4 5 6 -7 8
2.2 3 -3 7 9
1.1 2 2 -5
2.9 3 10 -2 11
0.7 2 -6 12
2.0 3 13 14 -1
3.3 2 -8 9
1.0 3 15 -9 16
2.4 3 -10 17 2
1.7 2 19 -11
2.9 3 20 11 -12
1.1 2 -13 18
3.5 3 17 -14 16
0.9 2 5 -15
2.7 3 -16 6 7
1.4 2 8 -17
3.8 4 9 10 -18 1
2.6 3 -19 2 20
1.9 2 3 -11
2.0 3 4 5 -12
1.3 2 -13 6
3.1 3 7 -14 8
0.7 2 9 -15
2.8 3 -16 10 11
1.6 2 12 -17
3.2 3 13 14 -19
1.0 2 -20 14
2.5 3 15 -1 16
1.2 3 17 -2 18
3.6 3 19 -3 20
0.6 2 4 -5
2.1 3 -6 7 8
1.8 2 9 -6
2.3 3 10 -7 11
1.0 2 -8 12
3.4 3 13 -9 14
0.5 2 15 -10
2.2 3 -11 12 1
1.9 2 13 -12
